Kp = 0.4271255027281

Ki = 0.23350147955678

Kd = 0.0265834610992396

N = 21.6994693767782

New 1

Kp = 0.592993618695865

Ki = 0.279691466170031

Kd = 0.0429069207502412

N = 22.22989187167